3	3	0.100866
4	3	0.0368011
7	3	-0.0611323
8	3	-0.00283688
281	3	0.0116914
282	3	0.00283993
1201	3	-0.0514252
1202	3	-0.0368042
3	4	0.0368011
4	4	0.100886
7	4	0.00276019
8	4	0.0116489
281	4	-0.00276014
282	4	-0.0610902
1201	4	-0.0368012
1202	4	-0.0514445
5	5	0.100387
6	5	-0.0360095
103	5	-0.0618953
104	5	0.00268027
107	5	0.0112165
108	5	-0.0029805
1051	5	-0.0497086
1052	5	0.0363097
5	6	-0.0360095
6	6	0.100508
103	6	-0.00292741
104	6	0.0113077
107	6	0.00262981
108	6	-0.0620209
1051	6	0.0363071
1052	6	-0.0497942
3	7	-0.0611323
4	7	0.00276019
7	7	0.20099
8	7	9.32617e-05
9	7	-0.0634378
10	7	-0.00308243
281	7	-0.0497725
282	7	0.0362764
969	7	-0.0495014
970	7	-0.0365266
1201	7	0.0228544
1202	7	0.000479237
3	8	-0.00283688
4	8	0.0116489
7	8	9.32617e-05
8	8	0.201434
9	8	0.00259333
10	8	0.0107819
281	8	0.0362345
282	8	-0.0496748
969	8	-0.0365227
970	8	-0.0500055
1201	8	0.000438474
1202	8	-0.124185
7	9	-0.0634378
8	9	0.00259333
9	9	0.204657
10	9	-0.00205505
11	9	-0.0628581
12	9	-0.00369106
969	9	0.0236982
970	9	0.00203102
971	9	-0.0486263
972	9	-0.0363606
1201	9	-0.0534333
1202	9	0.0374823
7	10	-0.00308243
8	10	0.0107819
9	10	-0.00205505
10	10	0.204241
11	10	0.00195564
12	10	0.0108865
969	10	0.00205054
970	10	-0.123445
971	10	-0.036324
972	10	-0.0504704
1201	10	0.0374553
1202	10	-0.0519939
9	11	-0.0628581
10	11	0.00195564
11	11	0.2009
12	11	-0.00307105
13	11	-0.0604472
14	11	-0.00367428
969	11	-0.0536699
970	11	0.0372418
971	11	0.02266
972	11	0.00274313
973	11	-0.0465851
974	11	-0.0351953
9	12	-0.00369106
10	12	0.0108865
11	12	-0.00307105
12	12	0.200383
13	12	0.00182488
14	12	0.0110179
969	12	0.0372476
970	12	-0.0511133
971	12	0.00286468
972	12	-0.122197
973	12	-0.0351751
974	12	-0.0489769
11	13	-0.0604472
12	13	0.00182488
13	13	0.195191
14	13	-0.00301846
15	13	-0.0579271
16	13	-0.00370971
971	13	-0.0524691
972	13	0.0362925
973	13	0.0208385
974	13	0.00298591
975	13	-0.0451859
976	13	-0.0343751
11	14	-0.00367428
12	14	0.0110179
13	14	-0.00301846
14	14	0.196471
15	14	0.00165653
16	14	0.0115246
971	14	0.0363099
972	14	-0.050046
973	14	0.00307286
974	14	-0.120659
975	14	-0.0343465
976	14	-0.0483087
13	15	-0.0579271
14	15	0.00165653
15	15	0.189929
16	15	-0.0029644
17	15	-0.0563057
18	15	-0.00340276
973	15	-0.0509109
974	15	0.0353897
975	15	0.0191118
976	15	0.00297037
977	15	-0.0438966
978	15	-0.0336495
13	16	-0.00370971
14	16	0.0115246
15	16	-0.0029644
16	16	0.192648
17	16	0.00187717
18	16	0.0118762
973	16	0.0354135
974	16	-0.0489335
975	16	0.00302576
976	16	-0.120075
977	16	-0.0336423
978	16	-0.0470397
15	17	-0.0563057
16	17	0.00187717
17	17	0.186429
18	17	-0.0031783
19	17	-0.0545527
20	17	-0.00369217
975	17	-0.0503052
976	17	0.0350364
977	17	0.0177395
978	17	0.00309369
979	17	-0.0430045
980	17	-0.0331368
15	18	-0.00340276
16	18	0.0118762
17	18	-0.0031783
18	18	0.191575
19	18	0.00149117
20	18	0.0121582
975	18	0.0350363
976	18	-0.0490975
977	18	0.00316015
978	18	-0.119469
979	18	-0.0331066
980	18	-0.0470422
17	19	-0.0545527
18	19	0.00149117
19	19	0.182368
20	19	-0.0031264
21	19	-0.0534416
22	19	-0.00325206
977	19	-0.0490844
978	19	0.0342457
979	19	0.0165782
980	19	0.00314863
981	19	-0.0418672
982	19	-0.0325071
17	20	-0.00369217
18	20	0.0121582
19	20	-0.0031264
20	20	0.18766
21	20	0.001871
22	20	0.0124159
977	20	0.0342711
978	20	-0.0477038
979	20	0.00318658
980	20	-0.118935
981	20	-0.0325101
982	20	-0.0455951
19	21	-0.0534416
20	21	0.001871
21	21	0.181948
22	21	-0.00319785
23	21	-0.0539065
24	21	-0.00330372
979	21	-0.0489256
980	21	0.0341538
981	21	0.0163835
982	21	0.00304297
983	21	-0.0420573
984	21	-0.0325662
19	22	-0.00325206
20	22	0.0124159
21	22	-0.00319785
22	22	0.188006
23	22	0.00183314
24	22	0.0121246
979	22	0.0341433
980	22	-0.0484239
981	22	0.003047
982	22	-0.118492
983	22	-0.0325735
984	22	-0.0456306
21	23	-0.0539065
22	23	0.00183314
23	23	0.18218
24	23	-0.00297249
25	23	-0.0534908
26	23	-0.00356415
981	23	-0.0490525
982	23	0.034158
983	23	0.0162927
984	23	0.003283
985	23	-0.0420233
986	23	-0.0327375
21	24	-0.00330372
22	24	0.0121246
23	24	-0.00297249
24	24	0.188833
25	24	0.00157494
26	24	0.012605
981	24	0.0341591
982	24	-0.0482417
983	24	0.00325486
984	24	-0.11894
985	24	-0.0327127
986	24	-0.046381
23	25	-0.0534908
24	25	0.00157494
25	25	0.180114
26	25	-0.00377868
27	25	-0.0522528
28	25	-0.00358395
983	25	-0.0491003
984	25	0.0342171
985	25	0.0154375
986	25	0.00364308
987	25	-0.0407079
988	25	-0.0320725
23	26	-0.00356415
24	26	0.012605
25	26	-0.00377868
26	26	0.187569
27	26	0.00147943
28	26	0.0127031
983	26	0.0342183
984	26	-0.0481684
985	26	0.00370197
986	26	-0.119234
987	26	-0.0320569
988	26	-0.0454748
25	27	-0.0522528
26	27	0.00147943
27	27	0.177927
28	27	-0.0039848
29	27	-0.0516531
30	27	-0.00358441
985	27	-0.0488149
986	27	0.0338306
987	27	0.0147064
988	27	0.00401154
989	27	-0.0399126
990	27	-0.0317524
25	28	-0.00358395
26	28	0.0127031
27	28	-0.0039848
28	28	0.185974
29	28	0.00144876
30	28	0.0128657
985	28	0.0338328
986	28	-0.0478425
987	28	0.00402859
988	28	-0.118723
989	28	-0.0317414
990	28	-0.044978
27	29	-0.0516531
28	29	0.00144876
29	29	0.177521
30	29	-0.00432831
31	29	-0.0518806
32	29	-0.00363374
987	29	-0.0489841
988	29	0.0337936
989	29	0.0143928
990	29	0.00442923
991	29	-0.039396
992	29	-0.0317095
27	30	-0.00358441
28	30	0.0128657
29	30	-0.00432831
30	30	0.185991
31	30	0.00141912
32	30	0.0129431
987	30	0.0337875
988	30	-0.0480245
989	30	0.00440921
990	30	-0.119051
991	30	-0.0317031
992	30	-0.0447246
29	31	-0.0518806
30	31	0.00141912
31	31	0.178601
32	31	-0.00510288
33	31	-0.052384
34	31	-0.00370259
989	31	-0.0499677
990	31	0.0341674
991	31	0.0147923
992	31	0.00478808
993	31	-0.0391612
994	31	-0.0315692
29	32	-0.00363374
30	32	0.0129431
31	32	-0.00510288
32	32	0.186276
33	32	0.0013548
34	32	0.0124407
989	32	0.0341485
990	32	-0.048756
991	32	0.0048115
992	32	-0.118576
993	32	-0.0315782
994	32	-0.0443282
31	33	-0.052384
32	33	0.0013548
33	33	0.179443
34	33	-0.00491267
35	33	-0.0525104
36	33	-0.00376663
991	33	-0.0503551
992	33	0.0341445
993	33	0.015333
994	33	0.00487382
995	33	-0.0395265
996	33	-0.0316938
31	34	-0.00370259
32	34	0.0124407
33	34	-0.00491267
34	34	0.18609
35	34	0.00129551
36	34	0.0123683
991	34	0.0341418
992	34	-0.0485531
993	34	0.00487331
994	34	-0.117681
995	34	-0.0316954
996	34	-0.0446653
33	35	-0.0525104
34	35	0.00129551
35	35	0.178844
36	35	-0.00470977
37	35	-0.0519416
38	35	-0.0037392
993	35	-0.0500714
994	35	0.0340403
995	35	0.0152207
996	35	0.00470303
997	35	-0.0395409
998	35	-0.0315899
33	36	-0.00376663
34	36	0.0123683
35	36	-0.00470977
36	36	0.185532
37	36	0.00129198
38	36	0.0124831
993	36	0.0340483
994	36	-0.048188
995	36	0.00472255
996	36	-0.117494
997	36	-0.0315864
998	36	-0.044701
35	37	-0.0519416
36	37	0.00129198
37	37	0.177651
38	37	-0.00435013
39	37	-0.0516373
40	37	-0.0037279
995	37	-0.0493628
996	37	0.0337432
997	37	0.0145954
998	37	0.00471061
999	37	-0.0393046
1000	37	-0.0316677
35	38	-0.0037392
36	38	0.0124831
37	38	-0.00435013
38	38	0.185473
39	38	0.00131305
40	38	0.0130012
995	38	0.0337549
996	38	-0.0477415
997	38	0.00467495
998	38	-0.118363
999	38	-0.0316535
1000	38	-0.044853
37	39	-0.0516373
38	39	0.00131305
39	39	0.178224
40	39	-0.00504041
41	39	-0.0524067
42	39	-0.00377358
997	39	-0.0497988
998	39	0.0340501
999	39	0.0143366
1000	39	0.00515417
1001	39	-0.0387182
1002	39	-0.0317034
37	40	-0.0037279
38	40	0.0130012
39	40	-0.00504041
40	40	0.186742
41	40	0.00131657
42	40	0.0129754
997	40	0.0340376
998	40	-0.0484817
999	40	0.00511543
1000	40	-0.119762
1001	40	-0.0317013
1002	40	-0.0444746
39	41	-0.0524067
40	41	0.00131657
41	41	0.177918
42	41	-0.00652629
43	41	-0.0503678
44	41	-0.00446768
999	41	-0.0515311
1000	41	0.0347425
1001	41	0.0141748
1002	41	0.00580821
1003	41	-0.0377872
1004	41	-0.0308733
39	42	-0.00377358
40	42	0.0129754
41	42	-0.00652629
42	42	0.186945
43	42	0.000471036
44	42	0.0125561
999	42	0.0347106
1000	42	-0.0497515
1001	42	0.0059555
1002	42	-0.118079
1003	42	-0.0308372
1004	42	-0.0446464
41	43	-0.0503678
42	43	0.000471036
43	43	0.162945
44	43	-0.00684015
45	43	-0.0395824
46	43	-0.00485046
1001	43	-0.0492152
1002	43	0.0330685
1003	43	0.0105367
1004	43	0.00542511
1005	43	-0.034316
1006	43	-0.027274
41	44	-0.00446768
42	44	0.0125561
43	44	-0.00684015
44	44	0.174567
45	44	-0.000606181
46	44	0.0131102
1001	44	0.0331257
1002	44	-0.0462075
1003	44	0.0059535
1004	44	-0.11088
1005	44	-0.0271652
1006	44	-0.0431458
43	45	-0.0395824
44	45	-0.000606181
45	45	0.132624
46	45	-0.00326988
47	45	-0.0278651
48	45	-0.00358004
1003	45	-0.0381051
1004	45	0.0270082
1005	45	0.00184408
1006	45	0.00393191
1007	45	-0.0289155
1008	45	-0.023484
43	46	-0.00485046
44	46	0.0131102
45	46	-0.00326988
46	46	0.152321
47	46	1.16918e-05
48	46	0.0165972
1003	46	0.02721
1004	46	-0.0365405
1005	46	0.00425816
1006	46	-0.106099
1007	46	-0.0233595
1008	46	-0.0393895
45	47	-0.0278651
46	47	1.16918e-05
47	47	0.10978
48	47	-0.00373514
49	47	-0.0225576
50	47	-0.00198207
1005	47	-0.0306886
1006	47	0.0233578
1007	47	-0.00428384
1008	47	0.00210143
1285	47	-0.0243852
1286	47	-0.0197537
45	48	-0.00358004
46	48	0.0165972
47	48	-0.00373514
48	48	0.134797
49	48	0.00112993
50	48	0.0151633
1005	48	0.0234444
1006	48	-0.0343862
1007	48	0.00252194
1008	48	-0.100191
1285	48	-0.0197811
1286	48	-0.03198
47	49	-0.0225576
48	49	0.00112993
49	49	0.0998908
50	49	-9.80033e-05
51	49	-0.02017
52	49	-0.00145327
1007	49	-0.0259039
1008	49	0.0200986
1009	49	-0.0255946
1010	49	-0.0194046
1285	49	-0.00566481
1286	49	-0.000272628
47	50	-0.00198207
48	50	0.0151633
49	50	-9.80033e-05
50	50	0.12625
51	50	0.00146927
52	50	0.0151088
1007	50	0.0201562
1008	50	-0.0317429
1009	50	-0.0194092
1010	50	-0.032233
1285	50	-0.000136242
1286	50	-0.0925466
49	51	-0.02017
50	51	0.00146927
51	51	0.0945368
52	51	0.00345183
53	51	-0.0188423
54	51	-0.000313164
1009	51	-0.00754101
1010	51	-0.00291276
1285	51	-0.021288
1286	51	0.0179722
1327	51	-0.0266954
1328	51	-0.0196674
49	52	-0.00145327
50	52	0.0151088
51	52	0.00345183
52	52	0.121836
53	52	0.00257763
54	52	0.0163517
1009	52	-0.00294935
1010	52	-0.0926992
1285	52	0.0180626
1286	52	-0.0285532
1327	52	-0.0196895
1328	52	-0.0320446
51	53	-0.0188423
52	53	0.00257763
53	53	0.1064
54	53	0.00661206
55	53	-0.0291321
56	53	0.00232546
1009	53	-0.0199438
1010	53	0.0177138
1305	53	-0.0331265
1306	53	-0.0236186
1327	53	-0.00535561
1328	53	-0.00561031
51	54	-0.000313164
52	54	0.0163517
53	54	0.00661206
54	54	0.129481
55	54	0.00600904
56	54	0.0159072
1009	54	0.017717
1010	54	-0.0301742
1305	54	-0.0238458
1306	54	-0.031805
1327	54	-0.00617914
1328	54	-0.0997609
53	55	-0.0291321
54	55	0.00600904
55	55	0.127224
56	55	0.00551754
57	55	-0.0285388
58	55	-0.00431489
1305	55	-0.00410686
1306	55	-0.00431028
1327	55	-0.0285371
1328	55	0.0238779
1343	55	-0.0369094
1344	55	-0.0267793
53	56	0.00232546
54	56	0.0159072
55	56	0.00551754
56	56	0.168479
57	56	-0.000663731
58	56	0.0174188
1305	56	-0.00434823
1306	56	-0.109931
1327	56	0.0236159
1328	56	-0.0431121
1343	56	-0.026447
1344	56	-0.0487616
55	57	-0.0285388
56	57	-0.000663731
57	57	0.111701
58	57	0.000773525
59	57	-0.0272476
60	57	0.00103201
967	57	-0.0265015
968	57	-0.0219146
1305	57	-0.0247651
1306	57	0.0218631
1343	57	-0.00464774
1344	57	-0.00109028
55	58	-0.00431489
56	58	0.0174188
57	58	0.000773525
58	58	0.133762
59	58	0.00459773
60	58	0.0172416
967	58	-0.0221227
968	58	-0.0297889
1305	58	0.0220908
1306	58	-0.0291421
1343	58	-0.00102441
1344	58	-0.109492
57	59	-0.0272476
58	59	0.00459773
59	59	0.122515
60	59	-0.00225296
61	59	-0.0274335
62	59	-0.00519709
967	59	-0.00481843
968	59	0.00157533
1337	59	-0.0298557
1338	59	-0.0238696
1343	59	-0.0331598
1344	59	0.0251466
57	60	0.00103201
58	60	0.0172416
59	60	-0.00225296
60	60	0.164207
61	60	-0.00163998
62	60	0.0163489
967	60	0.00162163
968	60	-0.108587
1337	60	-0.0236089
1338	60	-0.0433151
1343	60	0.0248482
1344	60	-0.0458955
59	61	-0.0274335
60	61	-0.00163998
61	61	0.101264
62	61	-0.0045686
63	61	-0.0174052
64	61	-0.00209276
967	61	-0.0293541
968	61	0.0223735
1011	61	-0.0204984
1012	61	-0.0175069
1337	61	-0.00657299
1338	61	0.00343478
59	62	-0.00519709
60	62	0.0163489
61	62	-0.0045686
62	62	0.126927
63	62	0.000691192
64	62	0.0165937
967	62	0.0225908
968	62	-0.0304163
1011	62	-0.0175033
1012	62	-0.0301254
1337	62	0.00398698
1338	62	-0.0993275
61	63	-0.0174052
62	63	0.000691192
63	63	0.0975194
64	63	-0.000758266
65	63	-0.0256455
66	63	0.000564675
1011	63	-0.00613411
1012	63	0.000819309
1013	63	-0.0241572
1014	63	-0.0198972
1337	63	-0.0241774
1338	63	0.0185803
61	64	-0.00209276
62	64	0.0165937
63	64	-0.000758266
64	64	0.121318
65	64	0.00387938
66	64	0.0147678
1011	64	0.000524974
1012	64	-0.0945806
1013	64	-0.0201502
1014	64	-0.0272141
1337	64	0.0185968
1338	64	-0.0308846
63	65	-0.0256455
64	65	0.00387938
65	65	0.139498
66	65	0.00329761
67	65	-0.0481011
68	65	0.00189758
1011	65	-0.0302836
1012	65	0.0227458
1013	65	0.00654775
1014	65	-0.00342037
1015	65	-0.042016
1016	65	-0.0284
63	66	0.000564675
64	66	0.0147678
65	66	0.00329761
66	66	0.150368
67	66	0.00654505
68	66	0.00991573
1011	66	0.0225732
1012	66	-0.0402439
1013	66	-0.00420521
1014	66	-0.0993516
1015	66	-0.0287754
1016	66	-0.0354562
65	67	-0.0481011
66	67	0.00654505
67	67	0.197186
68	67	0.00989548
69	67	-0.0679919
70	67	0.000680123
1013	67	-0.0391741
1014	67	0.0300565
1015	67	0.0228976
1016	67	-0.00850573
1017	67	-0.0648161
1018	67	-0.0386714
65	68	0.00189758
66	68	0.00991573
67	68	0.00989548
68	68	0.190183
69	68	0.00646126
70	68	0.00721542
1013	68	0.0298999
1014	68	-0.0475911
1015	68	-0.00930838
1016	68	-0.108033
1017	68	-0.0388459
1018	68	-0.0516901
67	69	-0.0679919
68	69	0.00646126
69	69	0.22399
70	69	0.0143995
71	69	-0.0704164
72	69	-0.00118271
1015	69	-0.0418157
1016	69	0.0348498
1017	69	0.0278881
1018	69	-0.0106094
1019	69	-0.0716543
1020	69	-0.0439184
67	70	0.000680123
68	70	0.00721542
69	70	0.0143995
70	70	0.215402
71	70	0.00493989
72	70	0.0107312
1015	70	0.0348613
1016	70	-0.0477479
1017	70	-0.0111062
1018	70	-0.123001
1019	70	-0.0437745
1020	70	-0.0626004
69	71	-0.0704164
70	71	0.00493989
71	71	0.212434
72	71	0.00867648
73	71	-0.0619623
74	71	-0.00201184
1017	71	-0.0424008
1018	71	0.0369479
1019	71	0.0232112
1020	71	-0.0085519
1021	71	-0.0608658
1022	71	-0.0400006
69	72	-0.00118271
70	72	0.0107312
71	72	0.00867648
72	72	0.213943
73	72	0.0036807
74	72	0.0126935
1017	72	0.0369592
1018	72	-0.0481536
1019	72	-0.00828498
1020	72	-0.131438
1021	72	-0.0398487
1022	72	-0.0577755
71	73	-0.0619623
72	73	0.0036807
73	73	0.194666
74	73	0.00415748
75	73	-0.0564878
76	73	-0.0020383
1019	73	-0.0427247
1020	73	0.0352906
1021	73	0.0186179
1022	73	-0.00490214
1023	73	-0.0521095
1024	73	-0.0361884
71	74	-0.00201184
72	74	0.0126935
73	74	0.00415748
74	74	0.200943
75	74	0.00331686
76	74	0.0129676
1019	74	0.0352892
1020	74	-0.0473218
1021	74	-0.00463043
1022	74	-0.127764
1023	74	-0.0361213
1024	74	-0.0515182
73	75	-0.0564878
74	75	0.00331686
75	75	0.186458
76	75	0.00205107
77	75	-0.0547912
78	75	-0.0024921
1021	75	-0.0436823
1022	75	0.0341169
1023	75	0.016599
1024	75	-0.00218193
1025	75	-0.0480961
1026	75	-0.0348108
73	76	-0.0020383
74	76	0.0129676
75	76	0.00205107
76	76	0.195195
77	76	0.00276255
78	76	0.0131689
1021	76	0.0340898
1022	76	-0.0474915
1023	76	-0.00210825
1024	76	-0.124361
1025	76	-0.0347569
1026	76	-0.0494782
75	77	-0.0547912
76	77	0.00276255
77	77	0.183619
78	77	-0.00019285
79	77	-0.054244
80	77	-0.00277108
1023	77	-0.045404
1024	77	0.0341037
1025	77	0.0160633
1026	77	-0.000108224
1027	77	-0.0452427
1028	77	-0.0337941
75	78	-0.0024921
76	78	0.0131689
77	78	-0.00019285
78	78	0.192364
79	78	0.00243243
80	78	0.0129082
1023	78	0.034072
1024	78	-0.0479403
1025	78	-5.10613e-05
1026	78	-0.122856
1027	78	-0.0337685
1028	78	-0.0476449
77	79	-0.054244
78	79	0.00243243
79	79	0.184143
80	79	-0.00159721
81	79	-0.0552538
82	79	-0.00282481
1025	79	-0.0471656
1026	79	0.034256
1027	79	0.0167793
1028	79	0.00118025
1029	79	-0.0442592
1030	79	-0.0334466
77	80	-0.00277108
78	80	0.0129082
79	80	-0.00159721
80	80	0.190838
81	80	0.00240151
82	80	0.0121682
1025	80	0.034224
1026	80	-0.0484854
1027	80	0.00120096
1028	80	-0.120926
1029	80	-0.0334582
1030	80	-0.0465024
79	81	-0.0552538
80	81	0.00240151
81	81	0.187017
82	81	-0.00189994
83	81	-0.0563395
84	81	-0.00317374
1027	81	-0.0487255
1028	81	0.0346117
1029	81	0.0179487
1030	81	0.00189731
1031	81	-0.0446468
1032	81	-0.0338368
79	82	-0.00282481
80	82	0.0121682
81	82	-0.00189994
82	82	0.192247
83	82	0.00211094
84	82	0.0119346
1027	82	0.0345855
1028	82	-0.0490616
1029	82	0.00186019
1030	82	-0.120043
1031	82	-0.0338319
1032	82	-0.0472448
81	83	-0.0563395
82	83	0.00211094
83	83	0.189466
84	83	-0.00226247
85	83	-0.0576517
86	83	-0.00291374
1029	83	-0.0496258
1030	83	0.0349521
1031	83	0.0190997
1032	83	0.00205196
1033	83	-0.0449484
1034	83	-0.0339388
81	84	-0.00317374
82	84	0.0119346
83	84	-0.00226247
84	84	0.192161
85	84	0.00242322
86	84	0.0113896
1029	84	0.0349446
1030	84	-0.0490577
1031	84	0.00203703
1032	84	-0.119755
1033	84	-0.0339686
1034	84	-0.0466716
83	85	-0.0576517
84	85	0.00242322
85	85	0.192995
86	85	-0.00189878
87	85	-0.0588559
88	85	-0.00333805
1031	85	-0.0505247
1032	85	0.0353836
1033	85	0.0201155
1034	85	0.00217111
1035	85	-0.0460777
1036	85	-0.0347411
83	86	-0.00291374
84	86	0.0113896
85	86	-0.00189878
86	86	0.195565
87	86	0.00208319
88	86	0.0114632
1031	86	0.0353652
1032	86	-0.0498878
1033	86	0.00209421
1034	86	-0.120226
1035	86	-0.0347301
1036	86	-0.0483043
85	87	-0.0588559
86	87	0.00208319
87	87	0.193723
88	87	-0.00251582
89	87	-0.05847
90	87	-0.00335365
1033	87	-0.0512103
1034	87	0.0358238
1035	87	0.0203178
1036	87	0.00243381
1037	87	-0.0455044
1038	87	-0.0344713
85	88	-0.00333805
86	88	0.0114632
87	88	-0.00251582
88	88	0.195689
89	88	0.00204164
90	88	0.0114476
1033	88	0.0358215
1034	88	-0.0498724
1035	88	0.00245717
1036	88	-0.120839
1037	88	-0.0344664
1038	88	-0.0478891
87	89	-0.05847
88	89	0.00204164
89	89	0.193598
90	89	-0.00256732
91	89	-0.0588245
92	89	-0.0032578
1035	89	-0.0512301
1036	89	0.0357072
1037	89	0.0203659
1038	89	0.00254548
1039	89	-0.045439
1040	89	-0.0344692
87	90	-0.00335365
88	90	0.0114476
89	90	-0.00256732
90	90	0.195172
91	90	0.0021538
92	90	0.0113425
1035	90	0.0357061
1036	90	-0.0497921
1037	90	0.00253734
1038	90	-0.120558
1039	90	-0.0344763
1040	90	-0.0476126
89	91	-0.0588245
90	91	0.0021538
91	91	0.194596
92	91	-0.00274951
93	91	-0.0591499
94	91	-0.00323509
1037	91	-0.0516722
1038	91	0.0359096
1039	91	0.0209692
1040	91	0.00233343
1041	91	-0.0459187
1042	91	-0.0344123
89	92	-0.0032578
90	92	0.0113425
91	92	-0.00274951
92	92	0.195133
93	92	0.00216368
94	92	0.0107755
1037	92	0.0358998
1038	92	-0.0502395
1039	92	0.00237544
1040	92	-0.119479
1041	92	-0.0344316
1042	92	-0.047532
91	93	-0.0591499
92	93	0.00216368
93	93	0.196056
94	93	-0.00149148
95	93	-0.0603602
96	93	-0.00289224
1039	93	-0.0509572
1040	93	0.0355104
1041	93	0.0217409
1042	93	0.00178231
1043	93	-0.0473299
1044	93	-0.0350726
91	94	-0.00323509
92	94	0.0107755
93	94	-0.00149148
94	94	0.195081
95	94	0.00258903
96	94	0.0108576
1039	94	0.0355284
1040	94	-0.0493304
1041	94	0.00170623
1042	94	-0.119314
1043	94	-0.0350971
1044	94	-0.0480692
93	95	-0.0603602
94	95	0.00258903
95	95	0.200135
96	95	-0.00120237
97	95	-0.0624849
98	95	-0.00282227
1041	95	-0.0513239
1042	95	0.0361104
1043	95	0.0229939
1044	95	0.00113715
1045	95	-0.0489595
1046	95	-0.0358119
93	96	-0.00289224
94	96	0.0108576
95	96	-0.00120237
96	96	0.198371
97	96	0.00276387
98	96	0.0103218
1041	96	0.0360981
1042	96	-0.0504319
1043	96	0.00107522
1044	96	-0.120305
1045	96	-0.0358426
1046	96	-0.0488132
95	97	-0.0624849
96	97	0.00276387
97	97	0.204146
98	97	-0.000815937
99	97	-0.063563
100	97	-0.0028803
1043	97	-0.0520553
1044	97	0.0366641
1045	97	0.0245515
1046	97	0.000601264
1047	97	-0.0505944
1048	97	-0.036333
95	98	-0.00282227
96	98	0.0103218
97	98	-0.000815937
98	98	0.200505
99	98	0.00274618
100	98	0.00984057
1043	98	0.0366553
1044	98	-0.0509305
1045	98	0.000592538
1046	98	-0.119965
1047	98	-0.0363558
1048	98	-0.0497711
97	99	-0.063563
98	99	0.00274618
99	99	0.205311
100	99	0.000263275
101	99	-0.0636151
102	99	-0.00264665
1045	99	-0.051363
1046	99	0.0365052
1047	99	0.025135
1048	99	-0.000193832
1049	99	-0.051905
1050	99	-0.0366742
97	100	-0.0028803
98	100	0.00984057
99	100	0.000263275
100	100	0.200425
101	100	0.00298751
102	100	0.00991013
1045	100	0.0365261
1046	100	-0.0500893
1047	100	-0.000204426
1048	100	-0.119729
1049	100	-0.0366922
1050	100	-0.0503574
99	101	-0.0636151
100	101	0.00298751
101	101	0.205074
102	101	0.00125204
103	101	-0.0633118
104	101	-0.00261386
1047	101	-0.0502146
1048	101	0.0363098
1049	101	0.024724
1050	101	-0.000898245
1051	101	-0.0526559
1052	101	-0.0370372
99	102	-0.00264665
100	102	0.00991013
101	102	0.00125204
102	102	0.201406
103	102	0.0030299
104	102	0.010388
1047	102	0.036329
1048	102	-0.0497353
1049	102	-0.000933107
1050	102	-0.120791
1051	102	-0.0370311
1052	102	-0.0511773
5	103	-0.0618953
6	103	-0.00292741
101	103	-0.0633118
102	103	0.0030299
103	103	0.203081
104	103	0.00125227
107	103	-0.0516454
108	103	-0.0369367
1049	103	-0.0496165
1050	103	0.0363141
1051	103	0.0233882
1052	103	-0.000732206
5	104	0.00268027
6	104	0.0113077
101	104	-0.00261386
102	104	0.010388
103	104	0.00125227
104	104	0.202495
107	104	-0.0368906
108	104	-0.0516283
1049	104	0.0363233
1050	104	-0.0497132
1051	104	-0.000751335
1052	104	-0.122849
105	105	0.100221
106	105	0.0364386
143	105	0.0114345
144	105	0.00276713
147	105	-0.0608809
148	105	-0.00276702
1085	105	-0.0507746
1086	105	-0.0364387
105	106	0.0364386
106	106	0.100213
143	106	-0.00279625
144	106	-0.0608968
147	106	0.00279751
148	106	0.0114505
1085	106	-0.0364398
1086	106	-0.0507672
5	107	0.0112165
6	107	0.00262981
103	107	-0.0516454
104	107	-0.0368906
107	107	0.208017
108	107	-0.00122664
109	107	0.0129181
110	107	-0.00239224
1051	107	-0.125875
1052	107	-0.000281163
2853	107	-0.0546316
2854	107	0.0381608
5	108	-0.0029805
6	108	-0.0620209
103	108	-0.0369367
104	108	-0.0516283
107	108	-0.00122664
108	108	0.205906
109	108	0.00336568
110	108	-0.0615775
1051	108	-0.000376351
1052	108	0.0224561
2853	108	0.0381545
2854	108	-0.053135
107	109	0.0129181
108	109	0.00336568
109	109	0.212043
110	109	-0.00272317
111	109	0.0135823
112	109	-0.00187041
1051	109	-0.050151
1052	109	-0.0369492
1053	109	-0.0561458
1054	109	0.0385955
2853	109	-0.132247
2854	109	-0.000418412
107	110	-0.00239224
108	110	-0.0615775
109	110	-0.00272317
110	110	0.206324
111	110	0.00396278
112	110	-0.0615571
1051	110	-0.0369954
1052	110	-0.0501697
1053	110	0.0385916
1054	110	-0.0531056
2853	110	-0.000443523
2854	110	0.0200864
109	111	0.0135823
110	111	0.00396278
111	111	0.212607
112	111	-0.00185336
113	111	0.013152
114	111	-0.00142102
1053	111	-0.133727
1054	111	-0.0013165
1055	111	-0.0551805
1056	111	0.0379317
2853	111	-0.0504332
2854	111	-0.0373037
109	112	-0.00187041
110	112	-0.0615571
111	112	-0.00185336
112	112	0.206026
113	112	0.00435428
114	112	-0.0612436
1053	112	-0.00126384
1054	112	0.0190132
1055	112	0.0379508
1056	112	-0.0515991
2853	112	-0.0373175
2854	112	-0.050639
111	113	0.013152
112	113	0.00435428
113	113	0.207571
114	113	-0.00112722
115	113	0.0120675
116	113	-0.0013349
1053	113	-0.0501085
1054	113	-0.0370848
1055	113	-0.12915
1056	113	-0.00188514
1057	113	-0.0535318
1058	113	0.0370777
111	114	-0.00142102
112	114	-0.0612436
113	114	-0.00112722
114	114	0.203629
115	114	0.00430836
116	114	-0.0609625
1053	114	-0.0370588
1054	114	-0.051006
1055	114	-0.00180868
1056	114	0.0202665
1057	114	0.0371074
1058	114	-0.0506834
113	115	0.0120675
114	115	0.00430836
115	115	0.201297
116	115	-0.0011828
117	115	0.0110987
118	115	-0.00144377
1055	115	-0.0487308
1056	115	-0.0363024
1057	115	-0.123556
1058	115	-0.00167358
1059	115	-0.0521763
1060	115	0.0362942
113	116	-0.0013349
114	116	-0.0609625
115	116	-0.0011828
116	116	0.200233
117	116	0.00406984
118	116	-0.0604772
1055	116	-0.0362798
1056	116	-0.0503813
1057	116	-0.00157808
1058	116	0.0216482
1059	116	0.0363057
1060	116	-0.0500601
115	117	0.0110987
116	117	0.00406984
117	117	0.197357
118	117	-0.00179224
119	117	0.0107134
120	117	-0.0015845
1057	117	-0.0471972
1058	117	-0.0353464
1059	117	-0.120378
1060	117	-0.00136969
1061	117	-0.0515942
1062	117	0.036023
115	118	-0.00144377
116	118	-0.0604772
117	118	-0.00179224
118	118	0.197693
119	118	0.00387881
120	118	-0.0603419
1057	118	-0.0353309
1058	118	-0.0490265
1059	118	-0.00133837
1060	118	0.0221367
1061	118	0.0360265
1062	118	-0.0499845
117	119	0.0107134
118	119	0.00387881
119	119	0.195767
120	119	-0.00185289
121	119	0.0104068
122	119	-0.00148112
1059	119	-0.0466509
1060	119	-0.0349885
1061	119	-0.119124
1062	119	-0.0013078
1063	119	-0.0511121
1064	119	0.0357515
117	120	-0.0015845
118	120	-0.0603419
119	120	-0.00185289
120	120	0.196409
121	120	0.00394427
122	120	-0.0602599
1059	120	-0.0349837
1060	120	-0.048474
1061	120	-0.00128666
1062	120	0.0222633
1063	120	0.0357634
1064	120	-0.0495964
119	121	0.0104068
120	121	0.00394427
121	121	0.193591
122	121	-0.00178632
123	121	0.00997295
124	121	-0.00138927
1061	121	-0.0462796
1062	121	-0.0347913
1063	121	-0.117041
1064	121	-0.00142481
1065	121	-0.0506494
1066	121	0.0354475
119	122	-0.00148112
120	122	-0.0602599
121	122	-0.00178632
122	122	0.195282
123	122	0.00398134
124	122	-0.0601251
1061	122	-0.0347831
1062	122	-0.0484382
1063	122	-0.00139243
1064	122	0.0228735
1065	122	0.0354616
1066	122	-0.0493321
121	123	0.00997295
122	123	0.00398134
123	123	0.191807
124	123	-0.00232922
125	123	0.00981119
126	123	-0.00137001
1063	123	-0.0455248
1064	123	-0.0344126
1065	123	-0.115145
1066	123	-0.00138424
1067	123	-0.0509216
1068	123	0.0355147
121	124	-0.00138927
122	124	-0.0601251
123	124	-0.00232922
124	124	0.194515
125	124	0.0039827
126	124	-0.0601341
1063	124	-0.0344071
1064	124	-0.0480559
1065	124	-0.00137823
1066	124	0.0235506
1067	124	0.0355211
1068	124	-0.0497507
123	125	0.00981119
124	125	0.0039827
125	125	0.191358
126	125	-0.00263765
127	125	0.00974554
128	125	-0.00126506
1065	125	-0.0448623
1066	125	-0.0341663
1067	125	-0.115119
1068	125	-0.00129757
1069	125	-0.0509335
1070	125	0.0353839
123	126	-0.00137001
124	126	-0.0601341
125	126	-0.00263765
126	126	0.193851
127	126	0.00407252
128	126	-0.0599237
1065	126	-0.0341756
1066	126	-0.0475526
1067	126	-0.00127144
1068	126	0.0232276
1069	126	0.0353822
1070	126	-0.0494679
125	127	0.00974554
126	127	0.00407252
127	127	0.190976
128	127	-0.00278866
129	127	0.00978968
130	127	-0.001354
1067	127	-0.044553
1068	127	-0.0339833
1069	127	-0.115085
1070	127	-0.00134012
1071	127	-0.0508731
1072	127	0.0353935
125	128	-0.00126506
126	128	-0.0599237
127	128	-0.00278866
128	128	0.193563
129	128	0.00398786
130	128	-0.0599208
1067	128	-0.0339814
1068	128	-0.0472395
1069	128	-0.00134141
1070	128	0.0230212
1071	128	0.0353887
1072	128	-0.0494998
127	129	0.00978968
128	129	0.00398786
129	129	0.191023
130	129	-0.00253516
131	129	0.00980062
132	129	-0.00146659
1069	129	-0.0447064
1070	129	-0.0340204
1071	129	-0.115417
1072	129	-0.00121478
1073	129	-0.0504896
1074	129	0.0352491
127	130	-0.001354
128	130	-0.0599208
129	130	-0.00253516
130	130	0.193413
131	130	0.00387131
132	130	-0.0598143
1069	130	-0.0340198
1070	130	-0.047229
1071	130	-0.00120334
1072	130	0.0227397
1073	130	0.035241
1074	130	-0.049189
129	131	0.00980062
130	131	0.00387131
131	131	0.190998
132	131	-0.00227836
133	131	0.00982961
134	131	-0.00161422
1071	131	-0.0450067
1072	131	-0.0340477
1073	131	-0.115454
1074	131	-0.00115393
1075	131	-0.0501675
1076	131	0.035223
129	132	-0.00146659
130	132	-0.0598143
131	132	-0.00227836
132	132	0.193412
133	132	0.00372909
134	132	-0.0598948
1071	132	-0.0340398
1072	132	-0.0472666
1073	132	-0.00116416
1074	132	0.0227124
1075	132	0.0352198
1076	132	-0.0491485
131	133	0.00982961
132	133	0.00372909
133	133	0.191895
134	133	-0.00246925
135	133	0.01022
136	133	-0.00193027
1073	133	-0.0454237
1074	133	-0.0341911
1075	133	-0.115733
1076	133	-0.000811258
1077	133	-0.0507878
1078	133	0.0356728
131	134	-0.00161422
132	134	-0.0598948
133	134	-0.00246925
134	134	0.194493
135	134	0.00346499
136	134	-0.0601075
1073	134	-0.0341862
1074	134	-0.0475361
1075	134	-0.00085003
1076	134	0.0230843
1077	134	0.0356547
1078	134	-0.0500385
133	135	0.01022
134	135	0.00346499
135	135	0.195832
136	135	-0.00290962
137	135	0.0111501
138	135	-0.00219729
1075	135	-0.0459475
1076	135	-0.0344608
1077	135	-0.119239
1078	135	-0.000321076
1079	135	-0.0520153
1080	135	0.0364238
133	136	-0.00193027
134	136	-0.0601075
135	136	-0.00290962
136	136	0.196689
137	136	0.00331465
138	136	-0.0603907
1075	136	-0.0344759
1076	136	-0.0474716
1077	136	-0.000390084
1078	136	0.0222284
1079	136	0.0363912
1080	136	-0.0509476
135	137	0.0111501
136	137	0.00331465
137	137	0.200773
138	137	-0.00228687
139	137	0.0119917
140	137	-0.00253257
1077	137	-0.0473364
1078	137	-0.0351686
1079	137	-0.124472
1080	137	9.65295e-06
1081	137	-0.0521066
1082	137	0.0366638
135	138	-0.00219729
136	138	-0.0603907
137	138	-0.00228687
138	138	0.199001
139	138	0.00307328
140	138	-0.0603773
1077	138	-0.0351876
1078	138	-0.0479554
1079	138	-2.2695e-05
1080	138	0.0203833
1081	138	0.0366212
1082	138	-0.0506608
137	139	0.0119917
138	139	0.00307328
139	139	0.204394
140	139	-0.000937041
141	139	0.0124146
142	139	-0.00283611
1079	139	-0.0494074
1080	139	-0.0359188
1081	139	-0.128119
1082	139	-5.60196e-05
1083	139	-0.0512739
1084	139	0.0366747
137	140	-0.00253257
138	140	-0.0603773
139	140	-0.000937041
140	140	0.200781
141	140	0.00282885
142	140	-0.0606776
1079	140	-0.0359113
1080	140	-0.0488041
1081	140	-0.000108002
1082	140	0.019232
1083	140	0.0366601
1084	140	-0.0501541
139	141	0.0124146
140	141	0.00282885
141	141	0.204809
142	141	0.000781491
143	141	0.0120166
144	141	-0.00287963
1081	141	-0.0515332
1082	141	-0.0367587
1083	141	-0.127751
1084	141	-0.000202882
1085	141	-0.0499561
1086	141	0.0362308
139	142	-0.00283611
140	142	-0.0606776
141	142	0.000781491
142	142	0.201392
143	142	0.0027441
144	142	-0.0607664
1081	142	-0.0367381
1082	142	-0.0503986
1083	142	-0.000197147
1084	142	0.0198542
1085	142	0.0362458
1086	142	-0.0494036
105	143	0.0114345
106	143	-0.00279625
141	143	0.0120166
142	143	0.0027441
143	143	0.202173
144	143	0.00112111
147	143	-0.0496159
148	143	0.0360615
1083	143	-0.0518698
1084	143	-0.0368286
1085	143	-0.124138
1086	143	-0.000301873
105	144	0.00276713
106	144	-0.0608968
141	144	-0.00287963
142	144	-0.0607664
143	144	0.00112111
144	144	0.200743
147	144	0.0360894
148	144	-0.0496531
1083	144	-0.0368046
1084	144	-0.0510962
1085	144	-0.000293386
1086	144	0.02167
145	145	0.100899
146	145	-0.0361129
243	145	-0.0623981
244	145	0.0026627
245	145	0.0112844
246	145	-0.00307021
1167	145	-0.0497854
1168	145	0.0365204
145	146	-0.0361129
146	146	0.101092
243	146	-0.00298474
244	146	0.0114316
245	146	0.00258145
246	146	-0.0626009
1167	146	0.0365162
1168	146	-0.0499229
105	147	-0.0608809
106	147	0.00279751
143	147	-0.0496159
144	147	0.0360894
147	147	0.199179
148	147	4.87412e-05
149	147	-0.0615207
150	147	-0.00322369
1085	147	0.022032
1086	147	0.000446822
1087	147	-0.0491931
1088	147	-0.0361587
105	148	-0.00276702
106	148	0.0114505
143	148	0.0360615
144	148	-0.0496531
147	148	4.87412e-05
148	148	0.200623
149	148	0.00235172
150	148	0.0111619
1085	148	0.000435881
1086	148	-0.123342
1087	148	-0.0361308
1088	148	-0.0502404
147	149	-0.0615207
148	149	0.00235172
149	149	0.198975
150	149	-0.00163057
151	149	-0.060314
152	149	-0.00335048
1085	149	-0.0514696
1086	149	0.0365342
1087	149	0.0218726
1088	149	0.00162445
1089	149	-0.0475435
1090	149	-0.0355293
147	150	-0.00322369
148	150	0.0111619
149	150	-0.00163057
150	150	0.199994
151	150	0.00216256
152	150	0.0114165
1085	150	0.036531
1086	150	-0.0503819
1087	150	0.00166493
1088	150	-0.122787
1089	150	-0.0355042
1090	150	-0.049404
149	151	-0.060314
150	151	0.00216256
151	151	0.195801
152	151	-0.00252228
153	151	-0.0586077
154	151	-0.00366349
1087	151	-0.051741
1088	151	0.0363599
1089	151	0.0206475
1090	151	0.00248113
1091	151	-0.045786
1092	151	-0.0348178
149	152	-0.00335048
150	152	0.0114165
151	152	-0.00252228
152	152	0.198418
153	152	0.00175957
154	152	0.0117408
1087	152	0.0363526
1088	152	-0.0503996
1089	152	0.00254125
1090	152	-0.122335
1091	152	-0.0347807
1092	152	-0.0488403
151	153	-0.0586077
152	153	0.00175957
153	153	0.191475
154	153	-0.00338403
155	153	-0.0567924
156	153	-0.00354968
1089	153	-0.0515245
1090	153	0.0358832
1091	153	0.0193929
1092	153	0.0030591
1093	153	-0.0439433
1094	153	-0.0337681
151	154	-0.00366349
152	154	0.0117408
153	154	-0.00338403
154	154	0.194439
155	154	0.00175441
156	154	0.011735
1089	154	0.0358882
1090	154	-0.0497318
1091	154	0.00316204
1092	154	-0.120947
1093	154	-0.0337571
1094	154	-0.0472366
153	155	-0.0567924
154	155	0.00175441
155	155	0.188411
156	155	-0.0032232
157	155	-0.0559584
158	155	-0.00354854
1091	155	-0.0508048
1092	155	0.035198
1093	155	0.0184341
1094	155	0.00330914
1095	155	-0.0432891
1096	155	-0.0334898
153	156	-0.00354968
154	156	0.011735
155	156	-0.0032232
156	156	0.192312
157	156	0.00171794
158	156	0.0120202
1091	156	0.0352054
1092	156	-0.0491512
1093	156	0.00332594
1094	156	-0.119984
1095	156	-0.0334764
1096	156	-0.0469317
155	157	-0.0559584
156	157	0.00171794
157	157	0.186952
158	157	-0.00353481
159	157	-0.0555721
160	157	-0.00354232
1093	157	-0.0506298
1094	157	0.0350596
1095	157	0.0178356
1096	157	0.0035273
1097	157	-0.0426275
1098	157	-0.0332277
155	158	-0.00354854
156	158	0.0120202
157	158	-0.00353481
158	158	0.191565
159	158	0.00170314
160	158	0.0120936
1093	158	0.0350594
1094	158	-0.0491518
1095	158	0.00354156
1096	158	-0.120056
1097	158	-0.0332208
1098	158	-0.0464715
157	159	-0.0555721
158	159	0.00170314
159	159	0.186639
160	159	-0.00382685
161	159	-0.0556112
162	159	-0.00362379
1095	159	-0.0508539
1096	159	0.0350549
1097	159	0.0176388
1098	159	0.00385271
1099	159	-0.0422404
1100	159	-0.0331601
157	160	-0.00354232
158	160	0.0120936
159	160	-0.00382685
160	160	0.19154
161	160	0.00162612
162	160	0.0121181
1095	160	0.0350486
1096	160	-0.0493346
1097	160	0.00384786
1098	160	-0.120078
1099	160	-0.0331534
1100	160	-0.046339
159	161	-0.0556112
160	161	0.00162612
161	161	0.187647
162	161	-0.00414863
163	161	-0.0564972
164	161	-0.00358536
1097	161	-0.0513604
1098	161	0.0351983
1099	161	0.0179256
1100	161	0.00419203
1101	161	-0.0421043
1102	161	-0.0332825
159	162	-0.00362379
160	162	0.0121181
161	162	-0.00414863
162	162	0.191973
163	162	0.00171354
164	162	0.0119764
1097	162	0.0351896
1098	162	-0.0495854
1099	162	0.0041585
1100	162	-0.12039
1101	162	-0.0332892
1102	162	-0.0460923
161	163	-0.0564972
162	163	0.00171354
163	163	0.190456
164	163	-0.00466608
165	163	-0.0577408
166	163	-0.00373086
1099	163	-0.0526134
1100	163	0.035747
1101	163	0.0188833
1102	163	0.00446759
1103	163	-0.0424878
1104	163	-0.0335312
161	164	-0.00358536
162	164	0.0119764
163	164	-0.00466608
164	164	0.193671
165	164	0.00162003
166	164	0.01147
1099	164	0.0357238
1100	164	-0.0505632
1101	164	0.00445063
1102	164	-0.120252
1103	164	-0.033543
1104	164	-0.0463028
163	165	-0.0577408
164	165	0.00162003
165	165	0.192949
166	165	-0.00457939
167	165	-0.058597
168	165	-0.003757
1101	165	-0.0534189
1102	165	0.0360158
1103	165	0.0199378
1104	165	0.00454911
1105	165	-0.0431301
1106	165	-0.0338486
163	166	-0.00373086
164	166	0.01147
165	166	-0.00457939
166	166	0.194493
167	166	0.00163659
168	166	0.0112495
1101	166	0.0360087
1102	166	-0.0506244
1103	166	0.00452422
1104	166	-0.119898
1105	166	-0.0338593
1106	166	-0.0466906
165	167	-0.058597
166	167	0.00163659
167	167	0.193521
168	167	-0.00454197
169	167	-0.0580298
170	167	-0.00392852
1103	167	-0.0537154
1104	167	0.0362167
1105	167	0.0201989
1106	167	0.00443053
1107	167	-0.0433774
1108	167	-0.0338134
165	168	-0.003757
166	168	0.0112495
167	168	-0.00454197
168	168	0.194937
169	168	0.0014294
170	168	0.0112454
1103	168	0.036215
1104	168	-0.0507228
1105	168	0.0044607
1106	168	-0.119562
1107	168	-0.0338062
1108	168	-0.0471469
167	169	-0.0580298
168	169	0.0014294
169	169	0.191432
170	169	-0.00403016
171	169	-0.0572466
172	169	-0.00359293
1105	169	-0.0526522
1106	169	0.0356962
1107	169	0.0197407
1108	169	0.00406209
1109	169	-0.0432444
1110	169	-0.0335646
167	170	-0.00392852
168	170	0.0112454
169	170	-0.00403016
170	170	0.192651
171	170	0.0017237
172	170	0.0114448
1105	170	0.03572
1106	170	-0.0495787
1107	170	0.00408682
1108	170	-0.119163
1109	170	-0.0335718
1110	170	-0.0465993
169	171	-0.0572466
170	171	0.0017237
171	171	0.190423
172	171	-0.00356067
173	171	-0.0570508
174	171	-0.00369974
1107	171	-0.0518482
1108	171	0.0354598
1109	171	0.0191177
1110	171	0.00384552
1111	171	-0.0433955
1112	171	-0.0337686
169	172	-0.00359293
170	172	0.0114448
171	172	-0.00356067
172	172	0.193404
173	172	0.00162797
174	172	0.0118354
1107	172	0.0354658
1108	172	-0.0496452
1109	172	0.00381454
1110	172	-0.119878
1111	172	-0.0337547
1112	172	-0.0471611
171	173	-0.0570508
172	173	0.00162797
173	173	0.189198
174	173	-0.00406293
175	173	-0.0561302
176	173	-0.00391296
1109	173	-0.0518954
1110	173	0.0355867
1111	173	0.0182685
1112	173	0.00425451
1113	173	-0.0423896
1114	173	-0.0334933
171	174	-0.00369974
172	174	0.0118354
173	174	-0.00406293
174	174	0.193802
175	174	0.00138205
176	174	0.0122743
1109	174	0.0355856
1110	174	-0.0497976
1111	174	0.00425894
1112	174	-0.121053
1113	174	-0.0334639
1114	174	-0.0470615
173	175	-0.0561302
174	175	0.00138205
175	175	0.188383
176	175	-0.00485689
177	175	-0.056576
178	175	-0.00380314
1111	175	-0.0521934
1112	175	0.0355714
1113	175	0.0177342
1114	175	0.00496287
1115	175	-0.0412176
1116	175	-0.0332563
173	176	-0.00391296
174	176	0.0122743
175	176	-0.00485689
176	176	0.193165
177	176	0.00152106
178	176	0.0123001
1111	176	0.035565
1112	176	-0.0498842
1113	176	0.00493824
1114	176	-0.121835
1115	176	-0.0332544
1116	176	-0.0460205
175	177	-0.056576
176	177	0.00152106
177	177	0.188267
178	177	-0.00635649
179	177	-0.0546506
180	177	-0.00500262
1113	177	-0.0541104
1114	177	0.0362973
1115	177	0.0168388
1116	177	0.00641208
1117	177	-0.0397686
1118	177	-0.0328714
175	178	-0.00380314
176	178	0.0123001
177	178	-0.00635649
178	178	0.195979
179	178	0.000240054
180	178	0.0128363
1113	178	0.0362571
1114	178	-0.051553
1115	178	0.00645065
1116	178	-0.122253
1117	178	-0.0327882
1118	178	-0.0473093
177	179	-0.0546506
178	179	0.000240054
179	179	0.179172
180	179	-0.00809998
181	179	-0.0485102
182	179	-0.00556545
1115	179	-0.0538207
1116	179	0.0355608
1117	179	0.0127549
1118	179	0.00862438
1119	179	-0.0349451
1120	179	-0.0307598
177	180	-0.00500262
178	180	0.0128363
179	180	-0.00809998
180	180	0.190768
181	180	-0.000600806
182	180	0.0148775
1115	180	0.035583
1116	180	-0.0494162
1117	180	0.00875081
1118	180	-0.123203
1119	180	-0.0306304
1120	180	-0.0458625
179	181	-0.0485102
180	181	-0.000600806
181	181	0.160423
182	181	-0.0122648
183	181	-0.0366655
184	181	-0.00646685
1117	181	-0.0528773
1118	181	0.0344448
1119	181	0.00564654
1120	181	0.0105779
1121	181	-0.0280169
1122	181	-0.0256903
179	182	-0.00556545
180	182	0.0148775
181	182	-0.0122648
182	182	0.17911
183	182	-0.00225552
184	182	0.0153253
1117	182	0.034444
1118	182	-0.0486512
1119	182	0.0111527
1120	182	-0.118309
1121	182	-0.0255109
1122	182	-0.0423531
181	183	-0.0366655
182	183	-0.00225552
183	183	0.130231
184	183	-0.0111674
185	183	-0.0256015
186	183	-0.00508243
1119	183	-0.0443586
1120	183	0.0286335
1121	183	-0.00204626
1122	183	0.0105727
1123	183	-0.0215593
1124	183	-0.0207007
181	184	-0.00646685
182	184	0.0153253
183	184	-0.0111674
184	184	0.152005
185	184	-0.00160704
186	184	0.0167958
1119	184	0.02877
1120	184	-0.0397236
1121	184	0.0110647
1122	184	-0.108663
1123	184	-0.0205934
1124	184	-0.0357401
183	185	-0.0256015
184	185	-0.00160704
185	185	0.107885
186	185	-0.0101922
187	185	-0.0202503
188	185	-0.00396351
1121	185	-0.0364984
1122	185	0.0243135
1123	185	-0.00735031
1124	185	0.00908076
1281	185	-0.0181846
1282	185	-0.0176314
183	186	-0.00508243
184	186	0.0167958
185	186	-0.0101922
186	186	0.134524
187	186	-0.000947232
188	186	0.0161442
1121	186	0.0243842
1122	186	-0.0362484
1123	186	0.00944443
1124	186	-0.100522
1281	186	-0.0176067
1282	186	-0.0306937
185	187	-0.0202503
186	187	-0.000947232
187	187	0.0989266
188	187	-0.00698798
189	187	-0.0211287
190	187	-0.00249663
1123	187	-0.0311247
1124	187	0.0211582
1125	187	-0.018594
1126	187	-0.0177637
1281	187	-0.00782892
1282	187	0.00703729
